declare name        "Pentakis dodecahedron grid";
declare version     "1.0";
declare author      "Pierre Lecomte";
declare license     "GPL";
declare copyright   "(c) Pierre Lecomte 2015";

// Pentakis dodecahedron grid with 32 nodes. Coordinates are given in azimut and elevation
azimuth(0)=0;
azimuth(1)=0.5535743589;
azimuth(2)=0;
azimuth(3)=5.729610948;
azimuth(4)=0;
azimuth(5)=0.7853981634;
azimuth(6)=1.205932499;
azimuth(7)=0.7853981634;
azimuth(8)=0;
azimuth(9)=5.497787144;
azimuth(10)=5.077252808;
azimuth(11)=5.497787144;
azimuth(12)=1.570796327;
azimuth(13)=1.570796327;
azimuth(14)=1.570796327;
azimuth(15)=1.570796327;
azimuth(16)=3.141592654;
azimuth(17)=3.695167012;
azimuth(18)=3.141592654;
azimuth(19)=2.588018295;
azimuth(20)=3.141592654;
azimuth(21)=3.926990817;
azimuth(22)=4.347525152;
azimuth(23)=3.926990817;
azimuth(24)=3.141592654;
azimuth(25)=2.356194490;
azimuth(26)=1.935660155;
azimuth(27)=2.356194490;
azimuth(28)=4.712388980;
azimuth(29)=4.712388980;
azimuth(30)=4.712388980;
azimuth(31)=4.712388980;

elevation(0)=0.3648638281;
elevation(1)=0;
elevation(2)=-0.3648638281;
elevation(3)=0;
elevation(4)=1.017221968;
elevation(5)=0.6154797087;
elevation(6)=0;
elevation(7)=-0.6154797087;
elevation(8)=-1.017221968;
elevation(9)=-0.6154797087;
elevation(10)=0;
elevation(11)=0.6154797087;
elevation(12)=1.205932499;
elevation(13)=0.5535743589;
elevation(14)=-0.5535743589;
elevation(15)=-1.205932499;
elevation(16)=0.3648638281;
elevation(17)=0;
elevation(18)=-0.3648638281;
elevation(19)=0;
elevation(20)=1.017221968;
elevation(21)=0.6154797087;
elevation(22)=0;
elevation(23)=-0.6154797087;
elevation(24)=-1.017221968;
elevation(25)=-0.6154797087;
elevation(26)=0;
elevation(27)=0.6154797087;
elevation(28)=1.205932499;
elevation(29)=0.5535743589;
elevation(30)=-0.5535743589;
elevation(31)=-1.205932499;

weight(0)=1/32;
weight(1)=1/32;
weight(2)=1/32;
weight(3)=1/32;
weight(4)=1/32;
weight(5)=1/32;
weight(6)=1/32;
weight(7)=1/32;
weight(8)=1/32;
weight(9)=1/32;
weight(10)=1/32;
weight(11)=1/32;
weight(12)=1/32;
weight(13)=1/32;
weight(14)=1/32;
weight(15)=1/32;
weight(16)=1/32;
weight(17)=1/32;
weight(18)=1/32;
weight(19)=1/32;
weight(20)=1/32;
weight(21)=1/32;
weight(22)=1/32;
weight(23)=1/32;
weight(24)=1/32;
weight(25)=1/32;
weight(26)=1/32;
weight(27)=1/32;
weight(28)=1/32;
weight(29)=1/32;
weight(30)=1/32;
weight(31)=1/32;



